function mpc = case57
%CASE57    Power flow data for IEEE 57 bus test case.
%   Please see CASEFORMAT for details on the case file format.
%   This data was converted from IEEE Common Data Format
%   (ieee57cdf.txt) on 15-Oct-2014 by cdf2matp, rev. 2393
%   See end of file for warnings generated during conversion.
%
%   Converted from IEEE CDF file from:
%       https://labs.ece.uw.edu/pstca/
%
%   Manually modified Qmax, Qmin on generator 1 to 200, -140, respectively.
% 
%  08/25/93 UW ARCHIVE           100.0  1961 W IEEE 57 Bus Test Case

%   MATPOWER

%% MATPOWER Case Format : Version 2
mpc.version = '2';

%%-----  Power Flow Data  -----%%
%% system MVA base
mpc.baseMVA = 100;

%% bus data
%	bus_i	type	Pd	Qd	Gs	Bs	area	Vm	Va	baseKV	zone	Vmax	Vmin
mpc.bus = [
	1	3	55	17	0	0	1	1.04	0	0	1	1.06	0.94;
	2	2	3	88	0	0	1	1.01	-1.18	0	1	1.06	0.94;
	3	2	41	21	0	0	1	0.985	-5.97	0	1	1.06	0.94;
	4	1	0	0	0	0	1	0.981	-7.32	0	1	1.06	0.94;
	5	1	13	4	0	0	1	0.976	-8.52	0	1	1.06	0.94;
	6	2	75	2	0	0	1	0.98	-8.65	0	1	1.06	0.94;
	7	1	0	0	0	0	1	0.984	-7.58	0	1	1.06	0.94;
	8	2	150	22	0	0	1	1.005	-4.45	0	1	1.06	0.94;
	9	2	121	26	0	0	1	0.98	-9.56	0	1	1.06	0.94;
	10	1	5	2	0	0	1	0.986	-11.43	0	1	1.06	0.94;
	11	1	0	0	0	0	1	0.974	-10.17	0	1	1.06	0.94;
	12	2	377	24	0	0	1	1.015	-10.46	0	1	1.06	0.94;
	13	1	18	2.3	0	0	1	0.979	-9.79	0	1	1.06	0.94;
	14	1	10.5	5.3	0	0	1	0.97	-9.33	0	1	1.06	0.94;
	15	1	22	5	0	0	1	0.988	-7.18	0	1	1.06	0.94;
	16	1	43	3	0	0	1	1.013	-8.85	0	1	1.06	0.94;
	17	1	42	8	0	0	1	1.017	-5.39	0	1	1.06	0.94;
	18	1	27.2	9.8	0	10	1	1.001	-11.71	0	1	1.06	0.94;
	19	1	3.3	0.6	0	0	1	0.97	-13.2	0	1	1.06	0.94;
	20	1	2.3	1	0	0	1	0.964	-13.41	0	1	1.06	0.94;
	21	1	0	0	0	0	1	1.008	-12.89	0	1	1.06	0.94;
	22	1	0	0	0	0	1	1.01	-12.84	0	1	1.06	0.94;
	23	1	6.3	2.1	0	0	1	1.008	-12.91	0	1	1.06	0.94;
	24	1	0	0	0	0	1	0.999	-13.25	0	1	1.06	0.94;
	25	1	6.3	3.2	0	5.9	1	0.982	-18.13	0	1	1.06	0.94;
	26	1	0	0	0	0	1	0.959	-12.95	0	1	1.06	0.94;
	27	1	9.3	0.5	0	0	1	0.982	-11.48	0	1	1.06	0.94;
	28	1	4.6	2.3	0	0	1	0.997	-10.45	0	1	1.06	0.94;
	29	1	17	2.6	0	0	1	1.01	-9.75	0	1	1.06	0.94;
	30	1	3.6	1.8	0	0	1	0.962	-18.68	0	1	1.06	0.94;
	31	1	5.8	2.9	0	0	1	0.936	-19.34	0	1	1.06	0.94;
	32	1	1.6	0.8	0	0	1	0.949	-18.46	0	1	1.06	0.94;
	33	1	3.8	1.9	0	0	1	0.947	-18.5	0	1	1.06	0.94;
	34	1	0	0	0	0	1	0.959	-14.1	0	1	1.06	0.94;
	35	1	6	3	0	0	1	0.966	-13.86	0	1	1.06	0.94;
	36	1	0	0	0	0	1	0.976	-13.59	0	1	1.06	0.94;
	37	1	0	0	0	0	1	0.985	-13.41	0	1	1.06	0.94;
	38	1	14	7	0	0	1	1.013	-12.71	0	1	1.06	0.94;
	39	1	0	0	0	0	1	0.983	-13.46	0	1	1.06	0.94;
	40	1	0	0	0	0	1	0.973	-13.62	0	1	1.06	0.94;
	41	1	6.3	3	0	0	1	0.996	-14.05	0	1	1.06	0.94;
	42	1	7.1	4.4	0	0	1	0.966	-15.5	0	1	1.06	0.94;
	43	1	2	1	0	0	1	1.01	-11.33	0	1	1.06	0.94;
	44	1	12	1.8	0	0	1	1.017	-11.86	0	1	1.06	0.94;
	45	1	0	0	0	0	1	1.036	-9.25	0	1	1.06	0.94;
	46	1	0	0	0	0	1	1.05	-11.89	0	1	1.06	0.94;
	47	1	29.7	11.6	0	0	1	1.033	-12.49	0	1	1.06	0.94;
	48	1	0	0	0	0	1	1.027	-12.59	0	1	1.06	0.94;
	49	1	18	8.5	0	0	1	1.036	-12.92	0	1	1.06	0.94;
	50	1	21	10.5	0	0	1	1.023	-13.39	0	1	1.06	0.94;
	51	1	18	5.3	0	0	1	1.052	-12.52	0	1	1.06	0.94;
	52	1	4.9	2.2	0	0	1	0.98	-11.47	0	1	1.06	0.94;
	53	1	20	10	0	6.3	1	0.971	-12.23	0	1	1.06	0.94;
	54	1	4.1	1.4	0	0	1	0.996	-11.69	0	1	1.06	0.94;
	55	1	6.8	3.4	0	0	1	1.031	-10.78	0	1	1.06	0.94;
	56	1	7.6	2.2	0	0	1	0.968	-16.04	0	1	1.06	0.94;
	57	1	6.7	2	0	0	1	0.965	-16.56	0	1	1.06	0.94;
];

%% generator data
%	bus	Pg	Qg	Qmax	Qmin	Vg	mBase	status	Pmax	Pmin	Pc1	Pc2	Qc1min	Qc1max	Qc2min	Qc2max	ramp_agc	ramp_10	ramp_30	ramp_q	apf
mpc.gen = [
	1	128.9	-16.1	200	-140	1.04	100	1	575.88	0	0	0	0	0	0	0	0	0	0	0	0;
	2	0	-0.8	50	-17	1.01	100	1	100	0	0	0	0	0	0	0	0	0	0	0	0;
	3	40	-1	60	-10	0.985	100	1	140	0	0	0	0	0	0	0	0	0	0	0	0;
	6	0	0.8	25	-8	0.98	100	1	100	0	0	0	0	0	0	0	0	0	0	0	0;
	8	450	62.1	200	-140	1.005	100	1	550	0	0	0	0	0	0	0	0	0	0	0	0;
	9	0	2.2	9	-3	0.98	100	1	100	0	0	0	0	0	0	0	0	0	0	0	0;
	12	310	128.5	155	-150	1.015	100	1	410	0	0	0	0	0	0	0	0	0	0	0	0;
	18	0.00	0.00	0.00	0.00	1.00	100	1	30.000	0.00	0	0	0	0	0	0	0	0	0	0	0;
	22	0.00	0.00	0.00	0.00	1.00	100	1	30.000	0.00	0	0	0	0	0	0	0	0	0	0	0;
	24	0.00	0.00	0.00	0.00	1.00	100	1	30.000	0.00	0	0	0	0	0	0	0	0	0	0	0;
	33	0.00	0.00	0.00	0.00	1.00	100	1	30.000	0.00	0	0	0	0	0	0	0	0	0	0	0;
	38	0.00	0.00	0.00	0.00	1.00	100	1	30.000	0.00	0	0	0	0	0	0	0	0	0	0	0;
	40	0.00	0.00	0.00	0.00	1.00	100	1	30.000	0.00	0	0	0	0	0	0	0	0	0	0	0;
	52	0.00	0.00	0.00	0.00	1.00	100	1	30.000	0.00	0	0	0	0	0	0	0	0	0	0	0;
	57	0.00	0.00	0.00	0.00	1.00	100	1	30.000	0.00	0	0	0	0	0	0	0	0	0	0	0;
	51	0.00	0.00	0.00	0.00	1.00	100	1	30.000	0.00	0	0	0	0	0	0	0	0	0	0	0;
	46	0.00	0.00	0.00	0.00	1.00	100	1	30.000	0.00	0	0	0	0	0	0	0	0	0	0	0;
	16	0.00	0.00	0.00	0.00	1.00	100	1	30.000	0.00	0	0	0	0	0	0	0	0	0	0	0;
	17	0.00	0.00	0.00	0.00	1.00	100	1	30.000	0.00	0	0	0	0	0	0	0	0	0	0	0;
	53	0.00	0.00	0.00	0.00	1.00	100	1	30.000	0.00	0	0	0	0	0	0	0	0	0	0	0;
	27	0.00	0.00	0.00	0.00	1.00	100	1	30.000	0.00	0	0	0	0	0	0	0	0	0	0	0;
	13	0.00	0.00	0.00	0.00	1.00	100	1	30.000	0.00	0	0	0	0	0	0	0	0	0	0	0;
	35	0.00	0.00	0.00	0.00	1.00	100	1	30.000	0.00	0	0	0	0	0	0	0	0	0	0	0;
	44	0.00	0.00	0.00	0.00	1.00	100	1	30.000	0.00	0	0	0	0	0	0	0	0	0	0	0;
	49	0.00	0.00	0.00	0.00	1.00	100	1	30.000	0.00	0	0	0	0	0	0	0	0	0	0	0;
	30	0.00	0.00	0.00	0.00	1.00	100	1	30.000	0.00	0	0	0	0	0	0	0	0	0	0	0;
	41	0.00	0.00	0.00	0.00	1.00	100	1	30.000	0.00	0	0	0	0	0	0	0	0	0	0	0;
];


% Generation Technology Type:
%  CWS (Connection with Spain),
%  FOG (Fossil Gas),
%  FHC (Fossil Hard Coal),
%  HWR (Hydro Water Reservoir),
%  HPS (Hydro Pumped Storage),
%  HRP (Hydro Run-of-river and poundage),
%  SH1 (Small Hydro - P ≤ 10 MW),
%  SH3 (Small Hydro - 10 MW < P ≤ 30 MW),
%  PVP (Photovoltaic power plant),
%  WON (Wind onshore),
%  WOF (Wind offshore),
%  MAR (Marine),
%  OTH (Other thermal, such as geothermal, biomass, biogas, Municipal solid waste and CHP renewable and non-renewable)
%  REF (Reference node)
%	genType
mpc.gen_tags = {
	'REF';	'FOG';	'FOG';	'FOG';	'FOG';	'FOG';	'FOG';	'PVP';	'PVP';	'PVP';	'PVP';	'PVP';	'PVP';	'PVP';	'PVP';	'PVP';	'PVP';	'PVP';	'PVP';	'PVP';	'PVP';	'PVP';	'PVP';	'PVP';	'PVP';	'PVP';	'PVP';
};

%% branch data
%	fbus	tbus	r	x	b	rateA	rateB	rateC	ratio	angle	status	angmin	angmax
