function mpc = Network4																										
%% INESC TEC 06/07/2020																										
%% MATPOWER Case Format : Version 2																										
mpc.version = '2';																										
																										
%%-----  Power Flow Data  -----%%																										
%% system MVA base																										
mpc.baseMVA = 100;																										
																										
%% system voltage levels (kV)																										
mpc.V_levels = [																										
	10	60																								
];																										
																										
%% bus data																										
%	bus_i	type	Pd	Qd	Gs	Bs	area	Vm	Va	baseKV	zone	Vmax	Vmin	hasGEN	isLOAD	SNOM_MVA	SX	SY	GX	GY						
mpc.bus = [																										
	1	1	0.00E+00	0.00E+00	0.00E+00	0.00E+00	1	1	0	10	1	1.1	0.9	0	1	0	0	0	0	0;						
	2	3	0.00E+00	0.00E+00	1.40E-02	0.00E+00	1	1	0	60	1	1.1	0.9	1	0	0	0	0	0	0;						
	3	1	0.00E+00	0.00E+00	0.00E+00	0.00E+00	1	1	0	10	1	1.1	0.9	0	1	0	0	0	0	0;						
	4	1	0.00E+00	0.00E+00	0.00E+00	0.00E+00	1	1	0	10	1	1.1	0.9	0	1	0	0	0	0	0;						
	5	1	0.00E+00	0.00E+00	0.00E+00	0.00E+00	1	1	0	10	1	1.1	0.9	0	1	0	0	0	0	0;						
	6	1	0.00E+00	0.00E+00	0.00E+00	0.00E+00	1	1	0	10	1	1.1	0.9	0	1	0.63	0	0	0	0;						
	7	1	0.00E+00	0.00E+00	0.00E+00	0.00E+00	1	1	0	10	1	1.1	0.9	0	1	0.63	0	0	0	0;						
	8	1	0.00E+00	0.00E+00	0.00E+00	0.00E+00	1	1	0	10	1	1.1	0.9	0	1	0.63	0	0	0	0;						
	9	1	0.00E+00	0.00E+00	0.00E+00	0.00E+00	1	1	0	10	1	1.1	0.9	0	1	0.25	0	0	0	0;						
	10	1	0.00E+00	0.00E+00	0.00E+00	0.00E+00	1	1	0	10	1	1.1	0.9	0	1	0.63	0	0	0	0;						
	11	1	0.00E+00	0.00E+00	0.00E+00	0.00E+00	1	1	0	10	1	1.1	0.9	0	1	0.63	0	0	0	0;						
	12	1	0.00E+00	0.00E+00	0.00E+00	0.00E+00	1	1	0	10	1	1.1	0.9	0	1	0.25	0	0	0	0;						
	13	1	0.00E+00	0.00E+00	0.00E+00	0.00E+00	1	1	0	10	1	1.1	0.9	0	1	0.63	0	0	0	0;						
	14	1	0.00E+00	0.00E+00	0.00E+00	0.00E+00	1	1	0	10	1	1.1	0.9	0	1	0.63	0	0	0	0;						
	15	1	0.00E+00	0.00E+00	0.00E+00	0.00E+00	1	1	0	10	1	1.1	0.9	0	1	0.63	0	0	0	0;						
	16	1	3.20E-02	0.00E+00	0.00E+00	0.00E+00	1	1	0	10	1	1.1	0.9	0	1	0.4	0	0	0	0;						
	17	1	1.54E-01	0.00E+00	0.00E+00	0.00E+00	1	1	0	10	1	1.1	0.9	0	1	0.8	0	0	0	0;						
	18	1	0.00E+00	0.00E+00	0.00E+00	0.00E+00	1	1	0	10	1	1.1	0.9	0	1	0.63	0	0	0	0;						
	19	1	0.00E+00	0.00E+00	0.00E+00	0.00E+00	1	1	0	10	1	1.1	0.9	0	1	0.63	0	0	0	0;						
	20	1	0.00E+00	0.00E+00	0.00E+00	0.00E+00	1	1	0	10	1	1.1	0.9	0	1	0.63	0	0	0	0;						
	21	1	0.00E+00	0.00E+00	0.00E+00	0.00E+00	1	1	0	10	1	1.1	0.9	0	1	0.63	0	0	0	0;						
	22	1	0.00E+00	0.00E+00	0.00E+00	0.00E+00	1	1	0	10	1	1.1	0.9	0	1	0.63	0	0	0	0;						
	23	1	1.78E-01	0.00E+00	0.00E+00	0.00E+00	1	1	0	10	1	1.1	0.9	0	1	0.63	0	0	0	0;						
	24	1	0.00E+00	0.00E+00	0.00E+00	0.00E+00	1	1	0	10	1	1.1	0.9	0	1	0.63	0	0	0	0;						
	25	1	0.00E+00	0.00E+00	0.00E+00	0.00E+00	1	1	0	10	1	1.1	0.9	0	1	0.4	0	0	0	0;						
	26	1	2.60E-01	0.00E+00	0.00E+00	0.00E+00	1	1	0	10	1	1.1	0.9	0	1	1.26	0	0	0	0;						
	27	1	0.00E+00	0.00E+00	0.00E+00	0.00E+00	1	1	0	10	1	1.1	0.9	0	1	0.63	0	0	0	0;						
	28	1	0.00E+00	0.00E+00	0.00E+00	0.00E+00	1	1	0	10	1	1.1	0.9	0	1	0.63	0	0	0	0;						
	29	1	0.00E+00	0.00E+00	0.00E+00	0.00E+00	1	1	0	10	1	1.1	0.9	0	1	0.63	0	0	0	0;						
	30	1	0.00E+00	0.00E+00	0.00E+00	0.00E+00	1	1	0	10	1	1.1	0.9	0	1	0.63	0	0	0	0;						
	31	1	0.00E+00	0.00E+00	0.00E+00	0.00E+00	1	1	0	10	1	1.1	0.9	0	1	0.63	0	0	0	0;						
	32	1	0.00E+00	0.00E+00	0.00E+00	0.00E+00	1	1	0	10	1	1.1	0.9	0	1	0.63	0	0	0	0;						
	33	1	0.00E+00	0.00E+00	0.00E+00	0.00E+00	1	1	0	10	1	1.1	0.9	0	1	0.63	0	0	0	0;						
	34	1	2.90E-01	0.00E+00	0.00E+00	0.00E+00	1	1	0	10	1	1.1	0.9	0	1	1.26	0	0	0	0;						
	35	1	0.00E+00	0.00E+00	0.00E+00	0.00E+00	1	1	0	10	1	1.1	0.9	0	1	0.63	0	0	0	0;						
	36	1	0.00E+00	0.00E+00	0.00E+00	0.00E+00	1	1	0	10	1	1.1	0.9	0	1	0.63	0	0	0	0;						
	37	1	1.80E-01	0.00E+00	0.00E+00	0.00E+00	1	1	0	10	1	1.1	0.9	0	1	0.8	0	0	0	0;						
	38	1	7.71E-02	0.00E+00	0.00E+00	0.00E+00	1	1	0	10	1	1.1	0.9	0	1	0.4	0	0	0	0;						
	39	1	0.00E+00	0.00E+00	0.00E+00	0.00E+00	1	1	0	10	1	1.1	0.9	0	1	0.63	0	0	0	0;						
	40	1	0.00E+00	0.00E+00	0.00E+00	0.00E+00	1	1	0	10	1	1.1	0.9	0	1	0.63	0	0	0	0;						
	41	1	0.00E+00	0.00E+00	0.00E+00	0.00E+00	1	1	0	10	1	1.1	0.9	0	1	0.63	0	0	0	0;						
	42	1	0.00E+00	0.00E+00	0.00E+00	0.00E+00	1	1	0	10	1	1.1	0.9	0	1	0.63	0	0	0	0;						
	43	1	0.00E+00	0.00E+00	0.00E+00	0.00E+00	1	1	0	10	1	1.1	0.9	0	1	0.63	0	0	0	0;						
	44	1	0.00E+00	0.00E+00	0.00E+00	0.00E+00	1	1	0	10	1	1.1	0.9	0	1	0.63	0	0	0	0;						
	45	1	1.88E+00	0.00E+00	0.00E+00	0.00E+00	1	1	0	10	1	1.1	0.9	0	1	4	0	0	0	0;						
	46	1	0.00E+00	0.00E+00	0.00E+00	0.00E+00	1	1	0	10	1	1.1	0.9	0	1	0.63	0	0	0	0;						
	47	1	0.00E+00	0.00E+00	0.00E+00	0.00E+00	1	1	0	10	1	1.1	0.9	0	1	0.63	0	0	0	0;						
	48	1	7.92E-01	0.00E+00	0.00E+00	0.00E+00	1	1	0	10	1	1.1	0.9	0	1	1.26	0	0	0	0;						
	49	1	1.21E-01	0.00E+00	0.00E+00	0.00E+00	1	1	0	10	1	1.1	0.9	0	1	0.32	0	0	0	0;						
	50	1	0.00E+00	0.00E+00	0.00E+00	0.00E+00	1	1	0	10	1	1.1	0.9	0	1	0.63	0	0	0	0;						
	51	1	0.00E+00	0.00E+00	0.00E+00	0.00E+00	1	1	0	10	1	1.1	0.9	0	1	0.63	0	0	0	0;						
	52	1	0.00E+00	0.00E+00	0.00E+00	0.00E+00	1	1	0	10	1	1.1	0.9	0	1	0.63	0	0	0	0;						
	53	1	1.21E-01	0.00E+00	0.00E+00	0.00E+00	1	1	0	10	1	1.1	0.9	0	1	0.25	0	0	0	0;						
	54	1	0.00E+00	0.00E+00	0.00E+00	0.00E+00	1	1	0	10	1	1.1	0.9	0	1	0.63	0	0	0	0;						
	55	1	0.00E+00	0.00E+00	0.00E+00	0.00E+00	1	1	0	10	1	1.1	0.9	0	1	0.63	0	0	0	0;						
	56	1	0.00E+00	0.00E+00	0.00E+00	0.00E+00	1	1	0	10	1	1.1	0.9	0	1	0.63	0	0	0	0;						
	57	1	0.00E+00	0.00E+00	0.00E+00	0.00E+00	1	1	0	10	1	1.1	0.9	0	1	0.63	0	0	0	0;						
	58	1	0.00E+00	0.00E+00	0.00E+00	0.00E+00	1	1	0	10	1	1.1	0.9	0	1	999.999	0	0	0	0;						
	59	1	1.14E-01	0.00E+00	0.00E+00	0.00E+00	1	1	0	10	1	1.1	0.9	0	1	0.177	0	0	0	0;						
	60	1	0.00E+00	0.00E+00	0.00E+00	0.00E+00	1	1	0	10	1	1.1	0.9	0	1	999.999	0	0	0	0;						
	61	1	0.00E+00	0.00E+00	0.00E+00	0.00E+00	1	1	0	10	1	1.1	0.9	0	1	999.999	0	0	0	0;						
	62	1	0.00E+00	0.00E+00	0.00E+00	0.00E+00	1	1	0	10	1	1.1	0.9	0	1	999.999	0	0	0	0;						
	63	1	1.83E-01	0.00E+00	0.00E+00	0.00E+00	1	1	0	10	1	1.1	0.9	0	1	0.315	0	0	0	0;						
	64	1	2.48E-01	0.00E+00	0.00E+00	0.00E+00	1	1	0	10	1	1.1	0.9	0	1	0.4	0	0	0	0;						
	65	1	3.78E-01	0.00E+00	0.00E+00	0.00E+00	1	1	0	10	1	1.1	0.9	0	1	0.8	0	0	0	0;						
	66	1	2.09E-01	0.00E+00	0.00E+00	0.00E+00	1	1	0	10	1	1.1	0.9	0	1	0.8	0	0	0	0;						
	67	1	2.29E-01	0.00E+00	0.00E+00	0.00E+00	1	1	0	10	1	1.1	0.9	0	1	0.4	0	0	0	0;						
	68	1	1.59E+00	0.00E+00	0.00E+00	0.00E+00	1	1	0	10	1	1.1	0.9	0	1	3	0	0	0	0;						
	69	1	0.00E+00	0.00E+00	0.00E+00	0.00E+00	1	1	0	10	1	1.1	0.9	0	1	0.63	0	0	0	0;						
	70	1	1.30E+00	0.00E+00	0.00E+00	0.00E+00	1	1	0	10	1	1.1	0.9	0	1	1.4	0	0	0	0;						
	71	1	0.00E+00	0.00E+00	0.00E+00	0.00E+00	1	1	0	10	1	1.1	0.9	0	1	0.63	0	0	0	0;						
	72	1	0.00E+00	0.00E+00	0.00E+00	0.00E+00	1	1	0	10	1	1.1	0.9	0	1	0.63	0	0	0	0;						
	73	1	0.00E+00	0.00E+00	0.00E+00	0.00E+00	1	1	0	10	1	1.1	0.9	0	1	0.63	0	0	0	0;						
	74	1	5.28E-01	0.00E+00	0.00E+00	0.00E+00	1	1	0	10	1	1.1	0.9	0	1	0.9	0	0	0	0;						
	75	1	0.00E+00	0.00E+00	0.00E+00	0.00E+00	1	1	0	10	1	1.1	0.9	0	1	999.999	0	0	0	0;						
	76	1	1.76E-01	0.00E+00	0.00E+00	0.00E+00	1	1	0	10	1	1.1	0.9	0	1	0.5	0	0	0	0;						
	77	1	4.20E-01	0.00E+00	0.00E+00	0.00E+00	1	1	0	10	1	1.1	0.9	0	1	1	0	0	0	0;						
	78	1	2.93E-01	0.00E+00	0.00E+00	0.00E+00	1	1	0	10	1	1.1	0.9	0	1	1.26	0	0	0	0;						
	79	1	0.00E+00	0.00E+00	0.00E+00	0.00E+00	1	1	0	10	1	1.1	0.9	0	1	0.63	0	0	0	0;						
	80	1	0.00E+00	0.00E+00	0.00E+00	0.00E+00	1	1	0	10	1	1.1	0.9	0	1	0.63	0	0	0	0;						
	81	1	0.00E+00	0.00E+00	0.00E+00	0.00E+00	1	1	0	10	1	1.1	0.9	0	1	0.63	0	0	0	0;						
	82	1	0.00E+00	0.00E+00	0.00E+00	0.00E+00	1	1	0	10	1	1.1	0.9	0	1	0.63	0	0	0	0;						
	83	1	0.00E+00	0.00E+00	0.00E+00	0.00E+00	1	1	0	10	1	1.1	0.9	0	1	0.63	0	0	0	0;						
	84	1	0.00E+00	0.00E+00	0.00E+00	0.00E+00	1	1	0	10	1	1.1	0.9	0	1	0.63	0	0	0	0;						
	85	1	0.00E+00	0.00E+00	0.00E+00	0.00E+00	1	1	0	10	1	1.1	0.9	0	1	0.63	0	0	0	0;						
