function mpc = Transmission_Network_PT_2020

%% MATPOWER Case Format : Version 2
mpc.version = '2';

%%-----  Power Flow Data  -----%%
%% system MVA base
mpc.baseMVA = 100;

%% bus data
%	bus_i	type	Pd	Qd	Gs	Bs	area	Vm	Va	baseKV	zone	Vmax	Vmin
mpc.bus = [
	1	2	0.000	0.000	0	0	1	1	0	400	1	1.05	0.95	;
	2	2	0.000	0.000	0	0	1	1	0	400	1	1.05	0.95	;
	3	2	0.000	0.000	0	0	1	1	0	400	1	1.05	0.95	;
	4	2	0.000	0.000	0	0	1	1	0	400	1	1.05	0.95	;
	5	2	0.000	0.000	0	0	1	1	0	220	1	1.05	0.95	;
	6	2	0.000	0.000	0	0	1	1	0	220	1	1.05	0.95	;
	7	2	0.000	0.000	0	0	1	1	0	400	1	1.05	0.95	;
	8	1	0.000	0.000	0	0	1	1	0	150	2	1.05	0.95	;
	9	1	0.000	0.000	0	0	1	1	0	150	2	1.05	0.95	;
	10	1	0.000	0.000	0	0	1	1	0	150	2	1.05	0.95	;
	11	1	0.967	-0.097	0	0	1	1	0	150	2	1.05	0.95	;
	12	1	0.000	0.000	0	0	1	1	0	150	2	1.05	0.95	;
	13	1	3.870	1.161	0	0	1	1	0	150	2	1.05	0.95	;
	14	1	0.000	0.000	0	0	1	1	0	150	2	1.05	0.95	;
	15	1	0.000	0.000	0	0	1	1	0	150	2	1.05	0.95	;
	16	1	0.000	0.000	0	0	1	1	0	150	2	1.05	0.95	;
	17	1	0.000	0.000	0	0	1	1	0	150	2	1.05	0.95	;
	18	1	0.000	0.000	0	0	1	1	0	150	2	1.05	0.95	;
	19	1	0.000	0.000	0	0	1	1	0	150	2	1.05	0.95	;
	20	1	0.000	0.000	0	0	1	1	0	150	2	1.05	0.95	;
	21	1	0.000	0.000	0	0	1	1	0	150	2	1.05	0.95	;
	22	2	0.000	0.000	0	0	1	1	0	150	2	1.05	0.95	;
	23	1	0.000	0.000	0	0	1	1	0	150	2	1.05	0.95	;
	24	1	0.000	0.000	0	0	1	1	0	150	2	1.05	0.95	;
	25	1	0.000	0.000	0	0	1	1	0	150	2	1.05	0.95	;
	26	1	3.289	0.387	0	0	1	1	0	150	2	1.05	0.95	;
	27	1	0.000	-0.300	0	0	1	1	0	150	2	1.05	0.95	;
	28	1	0.193	-0.193	0	0	1	1	0	150	2	1.05	0.95	;
	29	1	0.000	0.000	0	0	1	1	0	150	2	1.05	0.95	;
	30	2	0.000	0.000	0	0	1	1	0	150	2	1.05	0.95	;
	31	1	0.000	0.000	0	0	1	1	0	150	2	1.05	0.95	;
	32	1	0.000	0.000	0	0	1	1	0	150	2	1.05	0.95	;
	33	1	0.000	0.000	0	0	1	1	0	150	2	1.05	0.95	;
	34	1	0.000	0.000	0	-75	1	1	0	150	2	1.05	0.95	;
	35	1	0.000	0.000	0	0	1	1	0	150	2	1.05	0.95	;
	36	1	0.000	0.000	0	0	1	1	0	220	2	1.05	0.95	;
	37	1	0.000	0.000	0	0	1	1	0	220	2	1.05	0.95	;
	38	1	0.000	0.000	0	0	1	1	0	220	2	1.05	0.95	;
	39	1	0.000	0.000	0	0	1	1	0	220	2	1.05	0.95	;
	40	1	0.000	0.000	0	0	1	1	0	220	2	1.05	0.95	;
	41	1	0.000	0.000	0	0	1	1	0	220	2	1.05	0.95	;
	42	1	0.000	0.000	0	0	1	1	0	220	2	1.05	0.95	;
	43	1	0.000	0.000	0	0	1	1	0	220	2	1.05	0.95	;
	44	1	0.000	0.000	0	0	1	1	0	220	2	1.05	0.95	;
	45	1	0.000	0.000	0	0	1	1	0	220	2	1.05	0.95	;
	46	1	0.000	0.000	0	0	1	1	0	220	2	1.05	0.95	;
	47	1	0.000	0.000	0	0	1	1	0	220	2	1.05	0.95	;
	48	1	0.000	0.000	0	0	1	1	0	220	2	1.05	0.95	;
	49	1	0.000	0.000	0	0	1	1	0	220	2	1.05	0.95	;
	50	1	0.000	0.000	0	100	1	1	0	220	2	1.05	0.95	;
	51	1	0.000	0.000	0	0	1	1	0	220	2	1.05	0.95	;
	52	1	0.000	0.000	0	0	1	1	0	220	2	1.05	0.95	;
	53	1	0.000	0.000	0	0	1	1	0	220	2	1.05	0.95	;
	54	1	0.000	0.000	0	0	1	1	0	220	2	1.05	0.95	;
	55	1	0.000	0.000	0	0	1	1	0	220	2	1.05	0.95	;
	56	1	0.000	0.000	0	100	1	1	0	220	2	1.05	0.95	;
	57	1	0.000	0.000	0	0	1	1	0	220	2	1.05	0.95	;
	58	1	0.000	0.000	0	0	1	1	0	220	2	1.05	0.95	;
	59	1	0.000	0.000	0	0	1	1	0	220	2	1.05	0.95	;
	60	1	0.000	0.000	0	0	1	1	0	220	2	1.05	0.95	;
	61	2	0.000	0.000	0	0	1	1	0	220	2	1.05	0.95	;
	62	1	0.000	0.000	0	0	1	1	0	220	2	1.05	0.95	;
	63	1	0.000	0.000	0	0	1	1	0	220	2	1.05	0.95	;
	64	1	0.000	0.000	0	0	1	1	0	220	2	1.05	0.95	;
	65	1	0.000	0.000	0	0	1	1	0	220	2	1.05	0.95	;
	66	1	0.000	0.000	0	0	1	1	0	220	2	1.05	0.95	;
	67	1	1.161	-0.097	0	0	1	1	0	220	2	1.05	0.95	;
	68	1	0.000	0.000	0	0	1	1	0	220	2	1.05	0.95	;
	69	1	0.000	0.000	0	0	1	1	0	220	2	1.05	0.95	;
	70	1	0.000	0.000	0	0	1	1	0	220	2	1.05	0.95	;
	71	1	0.000	0.000	0	0	1	1	0	220	2	1.05	0.95	;
	72	1	0.000	0.000	0	-70	1	1	0	220	2	1.05	0.95	;
	73	1	0.000	0.000	0	0	1	1	0	220	2	1.05	0.95	;
	74	1	0.000	0.000	0	0	1	1	0	220	2	1.05	0.95	;
	75	1	0.000	0.000	0	0	1	1	0	220	2	1.05	0.95	;
	76	1	0.000	0.000	0	0	1	1	0	220	2	1.05	0.95	;
	77	1	0.000	0.000	0	0	1	1	0	220	2	1.05	0.95	;
	78	1	0.000	0.000	0	-70	1	1	0	220	2	1.05	0.95	;
	79	1	0.000	0.000	0	0	1	1	0	220	2	1.05	0.95	;
	80	1	0.000	0.000	0	0	1	1	0	400	2	1.05	0.95	;
	81	1	0.000	0.000	0	0	1	1	0	400	2	1.05	0.95	;
	82	1	0.000	0.000	0	0	1	1	0	400	2	1.05	0.95	;
	83	1	0.000	0.000	0	0	1	1	0	400	2	1.05	0.95	;
	84	1	0.000	0.000	0	0	1	1	0	400	2	1.05	0.95	;
	85	1	0.000	0.000	0	-150	1	1	0	400	2	1.05	0.95	;
	86	1	0.000	0.000	0	0	1	1	0	400	2	1.05	0.95	;
	87	1	0.000	0.000	0	0	1	1	0	400	2	1.05	0.95	;
	88	1	0.000	0.000	0	0	1	1	0	400	2	1.05	0.95	;
	89	1	0.000	0.000	0	-150	1	1	0	400	2	1.05	0.95	;
	90	1	0.000	0.000	0	-150	1	1	0	400	2	1.05	0.95	;
	91	1	0.000	0.000	0	0	1	1	0	400	2	1.05	0.95	;
	92	1	0.000	0.000	0	-150	1	1	0	400	2	1.05	0.95	;
	93	1	0.000	0.000	0	0	1	1	0	400	2	1.05	0.95	;
	94	1	0.000	0.000	0	0	1	1	0	400	2	1.05	0.95	;
	95	1	0.000	0.000	0	0	1	1	0	400	2	1.05	0.95	;
	96	1	0.000	0.000	0	0	1	1	0	400	2	1.05	0.95	;
	97	1	0.000	0.000	0	0	1	1	0	400	2	1.05	0.95	;
	98	1	0.000	0.000	0	0	1	1	0	400	2	1.05	0.95	;
	99	1	0.000	0.000	0	0	1	1	0	400	2	1.05	0.95	;
	100	1	0.000	0.000	0	0	1	1	0	400	2	1.05	0.95	;
	101	1	0.000	0.000	0	-150	1	1	0	400	2	1.05	0.95	;
	102	1	0.000	0.000	0	-150	1	1	0	400	2	1.05	0.95	;
	103	1	0.000	0.000	0	0	1	1	0	400	2	1.05	0.95	;
	104	1	0.000	0.000	0	-150	1	1	0	400	2	1.05	0.95	;
	105	1	0.000	0.000	0	0	1	1	0	400	2	1.05	0.95	;
	106	1	0.000	0.000	0	0	1	1	0	400	2	1.05	0.95	;
	107	1	0.000	0.000	0	0	1	1	0	400	2	1.05	0.95	;
	108	2	16.515	1.651	0	0	1	1	0	130	2	1.05	0.95	;
	109	2	288.038	28.804	0	0	1	1	0	63	2	1.05	0.95	;
	110	2	180.569	18.057	0	0	1	1	0	63	2	1.05	0.95	;
	111	2	171.406	17.141	0	0	1	1	0	63	2	1.05	0.95	;
	112	2	227.436	22.744	0	0	1	1	0	63	2	1.05	0.95	;
	113	2	78.735	7.874	0	0	1	1	0	63	2	1.05	0.95	;
	114	2	175.897	17.590	0	0	1	1	0	63	2	1.05	0.95	;
	115	2	64.577	6.458	0	0	1	1	0	63	2	1.05	0.95	;
	116	2	347.998	34.800	0	0	1	1	0	63	2	1.05	0.95	;
	117	2	57.952	5.795	0	0	1	1	0	63	2	1.05	0.95	;
	118	2	130.434	13.043	0	0	1	1	0	63	2	1.05	0.95	;
	119	2	263.377	26.338	0	0	1	1	0	63	2	1.05	0.95	;
	120	2	150.924	15.092	0	0	1	1	0	63	2	1.05	0.95	;
	121	2	128.818	12.882	0	0	1	1	0	63	2	1.05	0.95	;
	122	2	240.423	24.042	0	0	1	1	0	63	2	1.05	0.95	;
	123	2	208.300	20.830	0	0	1	1	0	63	2	1.05	0.95	;
	124	2	141.982	14.198	0	0	1	1	0	63	2	1.05	0.95	;
	125	2	135.760	13.576	0	0	1	1	0	63	2	1.05	0.95	;
	126	2	100.672	10.067	0	0	1	1	0	63	2	1.05	0.95	;
	127	2	88.985	8.899	0	0	1	1	0	63	2	1.05	0.95	;
	128	2	337.562	33.756	0	0	1	1	0	63	2	1.05	0.95	;
	129	2	305.236	30.524	0	0	1	1	0	63	2	1.05	0.95	;
	130	2	368.392	36.839	0	0	1	1	0	63	2	1.05	0.95	;
	131	2	159.277	15.928	0	0	1	1	0	63	2	1.05	0.95	;
	132	2	11.766	1.177	0	0	1	1	0	63	2	1.05	0.95	;
	133	2	141.085	14.108	0	0	1	1	0	63	2	1.05	0.95	;
	134	2	196.118	19.612	0	0	1	1	0	63	2	1.05	0.95	;
	135	1	213.910	12.577	0	0	1	1	0	63	2	1.05	0.95	;
	136	2	242.579	24.258	0	0	1	1	0	63	2	1.05	0.95	;
	137	2	135.888	13.589	0	0	1	1	0	63	2	1.05	0.95	;
	138	2	137.598	13.760	0	0	1	1	0	63	2	1.05	0.95	;
	139	2	169.328	16.933	0	0	1	1	0	63	2	1.05	0.95	;
	140	2	93.317	9.332	0	0	1	1	0	63	2	1.05	0.95	;
	141	2	122.286	12.229	0	0	1	1	0	63	2	1.05	0.95	;
	142	2	147.930	14.793	0	0	1	1	0	63	2	1.05	0.95	;
	143	1	48.568	3.967	0	0	1	1	0	63	2	1.05	0.95	;
	144	2	73.556	7.356	0	0	1	1	0	63	2	1.05	0.95	;
	145	2	213.805	21.380	0	0	1	1	0	63	2	1.05	0.95	;
	146	2	15.480	1.548	0	0	1	1	0	63	2	1.05	0.95	;
	147	2	80.502	8.050	0	0	1	1	0	63	2	1.05	0.95	;
	148	1	0.000	0.000	0	0	1	1	0	63	2	1.05	0.95	;
	149	2	153.632	15.363	0	0	1	1	0	63	2	1.05	0.95	;
	150	2	87.107	8.711	0	0	1	1	0	63	2	1.05	0.95	;
	151	2	208.967	20.897	0	0	1	1	0	63	2	1.05	0.95	;
	152	2	93.823	9.382	0	0	1	1	0	63	2	1.05	0.95	;
	153	2	10.140	1.014	0	0	1	1	0	63	2	1.05	0.95	;
	154	2	97.181	9.718	0	0	1	1	0	63	2	1.05	0.95	;
	155	2	54.110	5.411	0	0	1	1	0	63	2	1.05	0.95	;
	156	2	18.858	1.886	0	0	1	1	0	63	2	1.05	0.95	;
	157	2	92.122	9.212	0	0	1	1	0	63	2	1.05	0.95	;
	158	2	98.434	9.843	0	0	1	1	0	63	2	1.05	0.95	;
	159	2	91.950	9.195	0	0	1	1	0	63	2	1.05	0.95	;
	160	2	93.571	9.357	0	0	1	1	0	63	2	1.05	0.95	;
	161	2	20.821	2.082	0	0	1	1	0	63	2	1.05	0.95	;
	162	2	71.521	7.152	0	0	1	1	0	63	2	1.05	0.95	;
	163	2	7.322	0.732	0	0	1	1	0	63	2	1.05	0.95	;
	164	2	32.921	3.292	0	0	1	1	0	63	2	1.05	0.95	;
	165	2	41.619	4.162	0	0	1	1	0	63	2	1.05	0.95	;
