function mpc = Network3																										
%% INESC TEC 06/07/2020																										
%% MATPOWER Case Format : Version 2																										
mpc.version = '2';																										
																										
%%-----  Power Flow Data  -----%%																										
%% system MVA base																										
mpc.baseMVA = 100;																										
																										
%% system voltage levels (kV)																										
mpc.V_levels = [																										
	10	60																								
];																										
																										
%% bus data																										
%	bus_i	type	Pd	Qd	Gs	Bs	area	Vm	Va	baseKV	zone	Vmax	Vmin	hasGEN	isLOAD	SNOM_MVA	SX	SY	GX	GY						
mpc.bus = [																										
	1	1	0	0	0	0	1	1	0	10	1	1.1	0.9	0	1	0	0	0	0	0;						
	2	3	0	0	0.014	0	1	1	0	60	1	1.1	0.9	1	0	0	0	0	0	0;						
	3	1	0	0	0	0	1	1	0	10	1	1.1	0.9	0	1	0.63	0	0	0	0;						
	4	1	0	0	0	0	1	1	0	10	1	1.1	0.9	0	1	0.63	0	0	0	0;						
	5	1	0	0	0	0	1	1	0	10	1	1.1	0.9	0	1	0.63	0	0	0	0;						
	6	1	0	0	0	0	1	1	0	10	1	1.1	0.9	0	1	0.63	0	0	0	0;						
	7	1	0	0	0	0	1	1	0	10	1	1.1	0.9	0	1	0.63	0	0	0	0;						
	8	1	0	0	0	0	1	1	0	10	1	1.1	0.9	0	1	0.63	0	0	0	0;						
	9	1	0	0	0	0	1	1	0	10	1	1.1	0.9	0	1	0.25	0	0	0	0;						
	10	1	0	0	0	0	1	1	0	10	1	1.1	0.9	0	1	0.63	0	0	0	0;						
	11	1	0.243	0	0	0	1	1	0	10	1	1.1	0.9	0	1	0.63	0	0	0	0;						
	12	1	0.21	0	0	0	1	1	0	10	1	1.1	0.9	0	1	0.8	0	0	0	0;						
	13	1	0	0	0	0	1	1	0	10	1	1.1	0.9	0	1	999.999	0	0	0	0;						
	14	1	0	0	0	0	1	1	0	10	1	1.1	0.9	0	1	0.63	0	0	0	0;						
	15	1	0	0	0	0	1	1	0	10	1	1.1	0.9	0	1	0.63	0	0	0	0;						
	16	1	0	0	0	0	1	1	0	10	1	1.1	0.9	0	1	0.63	0	0	0	0;						
	17	1	0	0	0	0	1	1	0	10	1	1.1	0.9	0	1	0.63	0	0	0	0;						
	18	1	0	0	0	0	1	1	0	10	1	1.1	0.9	0	1	999.999	0	0	0	0;						
	19	1	0	0	0	0	1	1	0	10	1	1.1	0.9	0	1	0.63	0	0	0	0;						
	20	1	0.212	0	0	0	1	1	0	10	1	1.1	0.9	0	1	0.63	0	0	0	0;						
	21	1	0	0	0	0	1	1	0	10	1	1.1	0.9	0	1	0.4	0	0	0	0;						
	22	1	0	0	0	0	1	1	0	10	1	1.1	0.9	0	1	0.4	0	0	0	0;						
	23	1	0.384	0	0	0	1	1	0	10	1	1.1	0.9	0	1	0.8	0	0	0	0;						
	24	1	0	0	0	0	1	1	0	10	1	1.1	0.9	0	1	999.999	0	0	0	0;						
	25	1	0	0	0	0	1	1	0	10	1	1.1	0.9	0	1	0.63	0	0	0	0;						
	26	1	0	0	0	0	1	1	0	10	1	1.1	0.9	0	1	0.63	0	0	0	0;						
	27	1	0	0	0	0	1	1	0	10	1	1.1	0.9	0	1	0.63	0	0	0	0;						
	28	1	0.94	0	0	0	1	1	0	10	1	1.1	0.9	0	1	2.25	0	0	0	0;						
	29	1	0	0	0	0	1	1	0	10	1	1.1	0.9	0	1	0.63	0	0	0	0;						
	30	1	0	0	0	0	1	1	0	10	1	1.1	0.9	0	1	0.63	0	0	0	0;						
	31	1	0.26	0	0	0	1	1	0	10	1	1.1	0.9	0	1	0.4	0	0	0	0;						
	32	1	0	0	0	0	1	1	0	10	1	1.1	0.9	0	1	0.5	0	0	0	0;						
	33	1	0	0	0	0	1	1	0	10	1	1.1	0.9	0	1	0.63	0	0	0	0;						
	34	1	0	0	0	0	1	1	0	10	1	1.1	0.9	0	1	0.63	0	0	0	0;						
	35	1	0	0	0	0	1	1	0	10	1	1.1	0.9	0	1	0.63	0	0	0	0;						
	36	1	0	0	0	0	1	1	0	10	1	1.1	0.9	0	1	0.63	0	0	0	0;						
	37	1	0	0	0	0	1	1	0	10	1	1.1	0.9	0	1	0.5	0	0	0	0;						
	38	1	0	0	0	0	1	1	0	10	1	1.1	0.9	0	1	0.63	0	0	0	0;						
	39	1	0	0	0	0	1	1	0	10	1	1.1	0.9	0	1	0.63	0	0	0	0;						
	40	1	0	0	0	0	1	1	0	10	1	1.1	0.9	0	1	0.63	0	0	0	0;						
	41	1	0	0	0	0	1	1	0	10	1	1.1	0.9	0	1	0.63	0	0	0	0;						
	42	1	0	0	0	0	1	1	0	10	1	1.1	0.9	0	1	0.63	0	0	0	0;						
	43	1	0	0	0	0	1	1	0	10	1	1.1	0.9	0	1	0.5	0	0	0	0;						
	44	1	0.0791	0	0	0	1	1	0	10	1	1.1	0.9	0	1	0.2	0	0	0	0;						
	45	1	0.0073	0	0	0	1	1	0	10	1	1.1	0.9	0	1	0.5	0	0	0	0;						
	46	1	0.0292	0	0	0	1	1	0	10	1	1.1	0.9	0	1	0.5	0	0	0	0;						
	47	1	0	0	0	0	1	1	0	10	1	1.1	0.9	0	1	0.4	0	0	0	0;						
	48	1	0.0056	0	0	0	1	1	0	10	1	1.1	0.9	0	1	0.2	0	0	0	0;						
	49	1	0	0	0	0	1	1	0	10	1	1.1	0.9	0	1	0.63	0	0	0	0;						
	50	1	0	0	0	0	1	1	0	10	1	1.1	0.9	0	1	0.5	0	0	0	0;						
	51	1	0	0	0	0	1	1	0	10	1	1.1	0.9	0	1	0.63	0	0	0	0;						
	52	1	0	0	0	0	1	1	0	10	1	1.1	0.9	0	1	0.63	0	0	0	0;						
	53	1	0	0	0	0	1	1	0	10	1	1.1	0.9	0	1	0.63	0	0	0	0;						
	54	1	0	0	0	0	1	1	0	10	1	1.1	0.9	0	1	0.63	0	0	0	0;						
	55	1	0	0	0	0	1	1	0	10	1	1.1	0.9	0	1	0.63	0	0	0	0;						
	56	1	0	0	0	0	1	1	0	10	1	1.1	0.9	0	1	0.63	0	0	0	0;						
	57	1	0	0	0	0	1	1	0	10	1	1.1	0.9	0	1	0.63	0	0	0	0;						
	58	1	0	0	0	0	1	1	0	10	1	1.1	0.9	0	1	0.63	0	0	0	0;						
	59	1	0	0	0	0	1	1	0	10	1	1.1	0.9	0	1	0.63	0	0	0	0;						
	60	1	0.0142	0	0	0	1	1	0	10	1	1.1	0.9	0	1	0.16	0	0	0	0;						
	61	1	0	0	0	0	1	1	0	10	1	1.1	0.9	0	1	2.28	0	0	0	0;						
	62	1	0.0525	0	0	0	1	1	0	10	1	1.1	0.9	0	1	0.4	0	0	0	0;						
	63	1	0	0	0	0	1	1	0	10	1	1.1	0.9	0	1	0.63	0	0	0	0;						
	64	1	0	0	0	0	1	1	0	10	1	1.1	0.9	0	1	0.25	0	0	0	0;						
	65	1	0	0	0	0	1	1	0	10	1	1.1	0.9	0	1	0.63	0	0	0	0;						
	66	1	0	0	0	0	1	1	0	10	1	1.1	0.9	0	1	0.63	0	0	0	0;						
	67	1	0	0	0	0	1	1	0	10	1	1.1	0.9	0	1	0.63	0	0	0	0;						
	68	1	0	0	0	0	1	1	0	10	1	1.1	0.9	0	1	0.63	0	0	0	0;						
	69	1	0	0	0	0	1	1	0	10	1	1.1	0.9	0	1	0.63	0	0	0	0;						
	70	1	0	0	0	0	1	1	0	10	1	1.1	0.9	0	1	0.63	0	0	0	0;						
	71	1	0.0704	0	0	0	1	1	0	10	1	1.1	0.9	0	1	0.25	0	0	0	0;						
	72	1	0	0	0	0	1	1	0	10	1	1.1	0.9	0	1	0.63	0	0	0	0;						
	73	1	0	0	0	0	1	1	0	10	1	1.1	0.9	0	1	0.63	0	0	0	0;						
	74	1	0	0	0	0	1	1	0	10	1	1.1	0.9	0	1	0.63	0	0	0	0;						
	75	1	0	0	0	0	1	1	0	10	1	1.1	0.9	0	1	0.63	0	0	0	0;						
	76	1	0	0	0	0	1	1	0	10	1	1.1	0.9	0	1	0.63	0	0	0	0;						
	77	1	0	0	0	0	1	1	0	10	1	1.1	0.9	0	1	0.63	0	0	0	0;						
	78	1	0	0	0	0	1	1	0	10	1	1.1	0.9	0	1	0.63	0	0	0	0;						
	79	1	0.219	0	0	0	1	1	0	10	1	1.1	0.9	0	1	1.26	0	0	0	0;						
	80	1	0.144	0	0	0	1	1	0	10	1	1.1	0.9	0	1	0.4	0	0	0	0;						
	81	1	0	0	0	0	1	1	0	10	1	1.1	0.9	0	1	0.63	0	0	0	0;						
	82	1	0	0	0	0	1	1	0	10	1	1.1	0.9	0	1	0.32	0	0	0	0;						
	83	1	0	0	0	0	1	1	0	10	1	1.1	0.9	0	1	0.63	0	0	0	0;						
	84	1	0	0	0	0	1	1	0	10	1	1.1	0.9	0	1	0.63	0	0	0	0;						
	85	1	0	0	0	0	1	1	0	10	1	1.1	0.9	0	1	0.63	0	0	0	0;						
	86	1	0	0	0	0	1	1	0	10	1	1.1	0.9	0	1	0.5	0	0	0	0;						
	87	1	0	0	0	0	1	1	0	10	1	1.1	0.9	0	1	0.63	0	0	0	0;						
	88	1	0	0	0	0	1	1	0	10	1	1.1	0.9	0	1	0.63	0	0	0	0;						
	89	1	0	0	0	0	1	1	0	10	1	1.1	0.9	0	1	0.63	0	0	0	0;						
	90	1	0	0	0	0	1	1	0	10	1	1.1	0.9	0	1	0.63	0	0	0	0;						
	91	1	0.957	0	0	0	1	1	0	10	1	1.1	0.9	0	1	1.26	0	0	0	0;						
	92	1	0	0	0	0	1	1	0	10	1	1.1	0.9	0	1	999.999	0	0	0	0;						
	93	1	0	0	0	0	1	1	0	10	1	1.1	0.9	0	1	0.63	0	0	0	0;						
	94	1	0	0	0	0	1	1	0	10	1	1.1	0.9	0	1	1	0	0	0	0;						
	95	1	0	0	0	0	1	1	0	10	1	1.1	0.9	0	1	999.999	0	0	0	0;						
	96	1	0	0	0	0	1	1	0	10	1	1.1	0.9	0	1	0.63	0	0	0	0;						
	97	1	0	0	0	0	1	1	0	10	1	1.1	0.9	0	1	0.63	0	0	0	0;						
	98	1	0	0	0	0	1	1	0	10	1	1.1	0.9	0	1	0.63	0	0	0	0;						
	99	1	0	0	0	0	1	1	0	10	1	1.1	0.9	0	1	0.63	0	0	0	0;						
	100	1	0	0	0	0	1	1	0	10	1	1.1	0.9	0	1	0.63	0	0	0	0;						
	101	1	0	0	0	0	1	1	0	10	1	1.1	0.9	0	1	0.63	0	0	0	0;						
	102	1	0	0	0	0	1	1	0	10	1	1.1	0.9	0	1	0.63	0	0	0	0;						
	103	1	0.473	0	0	0	1	1	0	10	1	1.1	0.9	0	1	0.8	0	0	0	0;						
	104	1	0	0	0	0	1	1	0	10	1	1.1	0.9	0	1	0.63	0	0	0	0;						
	105	1	0	0	0	0	1	1	0	10	1	1.1	0.9	0	1	0.63	0	0	0	0;						
	106	1	0	0	0	0	1	1	0	10	1	1.1	0.9	0	0	0	0	0	0	0;						
	107	1	0	0	0	0	1	1	0	10	1	1.1	0.9	0	0	0	0	0	0	0;						
	108	1	0	0	0	0	1	1	0	10	1	1.1	0.9	0	0	0	0	0	0	0;						
	109	1	0	0	0	0	1	1	0	10	1	1.1	0.9	0	0	0	0	0	0	0;						
	110	1	0	0	0	0	1	1	0	10	1	1.1	0.9	0	0	0	0	0	0	0;						
	111	1	0	0	0	0	1	1	0	10	1	1.1	0.9	0	0	0	0	0	0	0;						
	112	1	0	0	0	0	1	1	0	10	1	1.1	0.9	0	0	0	0	0	0	0;						
	113	1	0	0	0	0	1	1	0	10	1	1.1	0.9	0	0	0	0	0	0	0;						
	114	1	0	0	0	0	1	1	0	10	1	1.1	0.9	0	0	0	0	0	0	0;						
	115	1	0	0	0	0	1	1	0	10	1	1.1	0.9	0	0	0	0	0	0	0;						
	116	1	0	0	0	0	1	1	0	10	1	1.1	0.9	0	0	0	0	0	0	0;						
	117	1	0	0	0	0	1	1	0	10	1	1.1	0.9	0	0	0	0	0	0	0;						
	118	1	0	0	0	0	1	1	0	10	1	1.1	0.9	0	0	0	0	0	0	0;						
	119	1	0	0	0	0	1	1	0	10	1	1.1	0.9	0	0	0	0	0	0	0;						
	120	1	0	0	0	0	1	1	0	10	1	1.1	0.9	0	0	0	0	0	0	0;						
	121	1	0	0	0	0	1	1	0	10	1	1.1	0.9	0	0	0	0	0	0	0;						
	122	1	0	0	0	0	1	1	0	10	1	1.1	0.9	0	0	0	0	0	0	0;						
	123	1	0	0	0	0	1	1	0	10	1	1.1	0.9	0	0	0	0	0	0	0;						
	124	1	0	0	0	0	1	1	0	10	1	1.1	0.9	0	0	0	0	0	0	0;						
	125	1	0	0	0	0	1	1	0	10	1	1.1	0.9	0	0	0	0	0	0	0;						
	126	1	0	0	0	0	1	1	0	10	1	1.1	0.9	0	0	0	0	0	0	0;						
